-128.72829597994118 -128.5679978412841 -128.99114202274066
-128.3780442649548 -187.6607832825452 -128.660740485537
-130.37872410880692 -209.26580300696884 -130.7641022550979
-128.9591420517071 -190.69006509657717 -129.22770346126015
-117.4016998081074 -117.55368831788391 -117.92777822707976
-118.91651325653993 -142.625 -119.20818396031518
-119.41201595348215 -120.26952774152187 -119.47068759371294
-101.50725039202636 -100.41470659413568 -101.82647766465743
-119.52788692790904 -180.96228583629323 -119.5075940366055
-129.6692809348226 -201.49777905083232 -119.34302644618623
-118.10547842528533 -151.31045042722008 -118.01350078765402
-119.03721195377055 -199.68080361983297 -119.03350381700443
-63.61057617549207 -65.20236583610054 -63.546984400124416
-74.05596912706285 -82.05993749999999 -74.80445305089006
-53.53237083925445 -55.19439543231524 -53.53237083925445
-42.99359339428711 -44.57155175906397 -43.35203640026367
-65.09479176548405 -90.04136847386229 -63.72806091973635
-53.67087698402466 -90.14608059199219 -53.67087698402466
-35.403800111328124 -37.02375255820313 -33.65795687109375
-39.398645222118155 -36.743924878270505 -36.97505902753906
-12.83625 -15.01998622894287 -12.83625
-12.83625 -14.2625 -12.83625
-12.83625 -14.2625 -12.83625
-20.359715625 -21.061259375 -16.6944375
-7.8 -51.319549560546875 -4.0
-4.0 -50.0 -4.0
-4.0 -4.5 0.000000
-4.0 -3.5 0.000000
-3.5 -5.8125 -3.5
-3.5 -4.0 0.000000
-3.5 0.000000 0.000000
-3.5 -3.0 0.000000
0.000000 -87.8125 0.000000
0.000000 0.000000 0.000000
0.000000 0.000000 0.000000
0.000000 0.000000 0.000000
0.000000 -50.0 0.000000
0.000000 0.000000 0.000000
0.000000 0.000000 0.000000
0.000000 0.000000 0.000000
0.000000 0.000000 0.000000
0.000000 0.000000 0.000000
0.000000 0.000000 0.000000
0.000000 0.000000 0.000000
0.000000 0.000000 0.000000
0.000000 0.000000 0.000000
0.000000 0.000000 0.000000
0.000000 0.000000 0.000000
0.000000 0.000000 0.000000
0.000000 0.000000 0.000000
0.000000 0.000000 0.000000
0.000000 0.000000 0.000000
0.000000 0.000000 0.000000
0.000000 0.000000 0.000000
0.000000 0.000000 0.000000
0.000000 0.000000 0.000000
-40.12630607616211 -62.39353393554687 -36.97505902753906
-30.166270390625 -28.282517031250002 -26.4908109375
-40.12630607616211 -42.420864921875 -40.12630607616211
-48.66579167204949 -119.10160417620193 -48.66579167204949
-11.41 -8.4875 -7.8
-7.8 -8.55 -4.0
-11.41 -50.0 -7.8
-18.097525 -50.0 -14.8395
-3.0 0.000000 0.000000
-3.0 0.000000 0.000000
-3.0 0.000000 0.000000
-3.0 -50.0 0.000000
-94.24334832684754 -139.92738378394694 -133.9587092309054
-87.58921829839622 -86.75110600078126 -86.00437668133526
-91.46077376936015 -139.23141915390744 -89.95870923090541
-96.7583200273937 -97.74469012574357 -96.7546218649799
-42.1949977079247 -50.0 -40.73157653465758
-44.905985431402044 -49.197286413991066 -44.28037287983035
-39.52801393652858 -84.95938953925781 -37.56961388881726
-36.99244438763618 -36.083587694785464 -36.36809199378386
-23.692995732213724 -78.2090625 -24.332895836024743
-24.332895836024743 -25.882541319277344 -24.332895836024743
-25.00834594560304 -50.0 -24.332895836024743
-26.83543849201233 -26.377534948475397 -26.740760676476217
-76.89056607529957 -83.15865546715023 -28.551925849147533
-27.058658201051628 -44.377719881494784 -26.377534948475397
-28.627795894174117 -100.35800695042981 -28.904417075126638
-31.40373180265101 -59.59251770826172 -31.74740708163997
-2.925 -2.8525 -3.84
-2.925 -3.9 -2.925
-4.2787500000000005 -51.9 -4.2787500000000005
-7.947243281250001 -50.0 -7.947243281250001
-1.0 -50.475 -1.0
-1.0 -0.5 0.000000
-1.0 0.000000 0.000000
-1.0 0.000000 0.000000
0.000000 0.000000 0.000000
0.000000 0.000000 0.000000
0.000000 0.000000 0.000000
0.000000 0.000000 0.000000
